1. КОСТАНАЙ MIX
398301615, 398301558, 398301668, 398301402, 398301525, 398301647, 398301724, 398301692, 398301699, 397546292, 397545863, 397546251, 398301869, 398301884, 398301903, 398301786, 398301756, 398301769, 398301828, 398301816, 398301805

2. ПАВЛОДАР ТЕСТ № 1
398178533, 397998403, 398181240, 398180683, 398181048, 397998565, 398180778, 398179615, 397998520


3. АСТАНА ТЕСТ № 1
397364579, 397364483, 397543399, 397364951, 397543277, 397434298, 397434063

4. АЛМАТЫ СТИРАЛКИ ТЕСТ № 1
398356910, 398356902, 398356063, 398356062, 398356901, 398356940, 398356944, 398356064, 398356915, 398356941, 398356933, 398356929, 398356927, 398356912, 398356939, 398356925, 398356919, 398356897, 398356948, 398356954, 398356953, 398356951, 398356946

5. АЛМАТЫ КЛИНИНГ ТЕСТ № 1
397791829, 397791863, 397792087, 397759967, 397956049, 397760090

6. КОСТАНАЙ MIX ТЕСТ № 2
398389357, 398389356, 398389295, 398389288, 398389355, 398389291, 398389529, 398389532, 398389528, 398389582, 398389586, 398389584, 398389631, 398389633, 398389638, 398389705, 398389702, 398389700

7. АЛМАТЫ СЕТКИ ТЕСТ № 1
396588949, 396590042, 396608222, 398403813, 398403810, 398403807, 398403811, 398403809, 398403818, 398403806, 398403815, 398403808

8. АСТАНА СЕТКИ ТЕСТ № 1
398403878, 398403863, 398403868, 398403866, 398403874, 398403876, 398403865, 398403879, 398403869

9. ШЫМКЕНТ MIX ТЕСТ № 1
398480882, 398480884, 398480879, 398478849, 398478844, 398478856, 398478847, 398478863, 398478868, 398478860, 398478854, 398478852, 398477912, 398477927, 398477910, 398477925, 398477908, 398477931, 398477917, 398477916, 398477920, 398479269, 398479264, 398479041, 398479039, 398479046